{
 "cells": [
  {
   "cell_type": "code",
   "execution_count": 1,
   "metadata": {},
   "outputs": [],
   "source": [
    "import warnings\n",
    "import numpy as np\n",
    "import pandas as pd\n",
    "import seaborn as sns\n",
    "from matplotlib import pyplot as plt\n",
    "import plotly.express as px\n",
    "\n",
    "from sklearn.model_selection import train_test_split, GridSearchCV\n",
    "from sklearn import metrics, preprocessing\n",
    "from sklearn.impute import SimpleImputer\n",
    "\n",
    "import tensorflow as tf\n",
    "from tensorflow import keras\n",
    "\n",
    "import scipy.stats as stats\n",
    "\n",
    "pd.options.display.max_rows = 10\n",
    "pd.options.display.float_format = \"{:.2f}\".format\n",
    "\n",
    "sns.set_theme(style=\"darkgrid\")\n",
    "cm = px.colors.sequential.Bluered\n",
    "\n",
    "warnings.filterwarnings(\"ignore\")"
   ]
  },
  {
   "cell_type": "code",
   "execution_count": 2,
   "metadata": {},
   "outputs": [],
   "source": [
    "# import sys\n",
    "\n",
    "# sys.path.insert(1, '/kaggle/input/mymodules')\n",
    "\n",
    "import my_module"
   ]
  },
  {
   "cell_type": "code",
   "execution_count": 3,
   "metadata": {},
   "outputs": [
    {
     "data": {
      "text/html": [
       "<div>\n",
       "<style scoped>\n",
       "    .dataframe tbody tr th:only-of-type {\n",
       "        vertical-align: middle;\n",
       "    }\n",
       "\n",
       "    .dataframe tbody tr th {\n",
       "        vertical-align: top;\n",
       "    }\n",
       "\n",
       "    .dataframe thead th {\n",
       "        text-align: right;\n",
       "    }\n",
       "</style>\n",
       "<table border=\"1\" class=\"dataframe\">\n",
       "  <thead>\n",
       "    <tr style=\"text-align: right;\">\n",
       "      <th></th>\n",
       "      <th>MSSubClass</th>\n",
       "      <th>MSZoning</th>\n",
       "      <th>LotFrontage</th>\n",
       "      <th>LotArea</th>\n",
       "      <th>Street</th>\n",
       "      <th>Alley</th>\n",
       "      <th>LotShape</th>\n",
       "      <th>LandContour</th>\n",
       "      <th>Utilities</th>\n",
       "      <th>LotConfig</th>\n",
       "      <th>...</th>\n",
       "      <th>PoolArea</th>\n",
       "      <th>PoolQC</th>\n",
       "      <th>Fence</th>\n",
       "      <th>MiscFeature</th>\n",
       "      <th>MiscVal</th>\n",
       "      <th>MoSold</th>\n",
       "      <th>YrSold</th>\n",
       "      <th>SaleType</th>\n",
       "      <th>SaleCondition</th>\n",
       "      <th>SalePrice</th>\n",
       "    </tr>\n",
       "  </thead>\n",
       "  <tbody>\n",
       "    <tr>\n",
       "      <th>2914</th>\n",
       "      <td>160</td>\n",
       "      <td>RM</td>\n",
       "      <td>21.00</td>\n",
       "      <td>1936</td>\n",
       "      <td>Pave</td>\n",
       "      <td>NaN</td>\n",
       "      <td>Reg</td>\n",
       "      <td>Lvl</td>\n",
       "      <td>AllPub</td>\n",
       "      <td>Inside</td>\n",
       "      <td>...</td>\n",
       "      <td>0</td>\n",
       "      <td>NaN</td>\n",
       "      <td>NaN</td>\n",
       "      <td>NaN</td>\n",
       "      <td>0</td>\n",
       "      <td>6</td>\n",
       "      <td>2006</td>\n",
       "      <td>WD</td>\n",
       "      <td>Normal</td>\n",
       "      <td>NaN</td>\n",
       "    </tr>\n",
       "    <tr>\n",
       "      <th>2915</th>\n",
       "      <td>160</td>\n",
       "      <td>RM</td>\n",
       "      <td>21.00</td>\n",
       "      <td>1894</td>\n",
       "      <td>Pave</td>\n",
       "      <td>NaN</td>\n",
       "      <td>Reg</td>\n",
       "      <td>Lvl</td>\n",
       "      <td>AllPub</td>\n",
       "      <td>Inside</td>\n",
       "      <td>...</td>\n",
       "      <td>0</td>\n",
       "      <td>NaN</td>\n",
       "      <td>NaN</td>\n",
       "      <td>NaN</td>\n",
       "      <td>0</td>\n",
       "      <td>4</td>\n",
       "      <td>2006</td>\n",
       "      <td>WD</td>\n",
       "      <td>Abnorml</td>\n",
       "      <td>NaN</td>\n",
       "    </tr>\n",
       "    <tr>\n",
       "      <th>2916</th>\n",
       "      <td>20</td>\n",
       "      <td>RL</td>\n",
       "      <td>160.00</td>\n",
       "      <td>20000</td>\n",
       "      <td>Pave</td>\n",
       "      <td>NaN</td>\n",
       "      <td>Reg</td>\n",
       "      <td>Lvl</td>\n",
       "      <td>AllPub</td>\n",
       "      <td>Inside</td>\n",
       "      <td>...</td>\n",
       "      <td>0</td>\n",
       "      <td>NaN</td>\n",
       "      <td>NaN</td>\n",
       "      <td>NaN</td>\n",
       "      <td>0</td>\n",
       "      <td>9</td>\n",
       "      <td>2006</td>\n",
       "      <td>WD</td>\n",
       "      <td>Abnorml</td>\n",
       "      <td>NaN</td>\n",
       "    </tr>\n",
       "    <tr>\n",
       "      <th>2917</th>\n",
       "      <td>85</td>\n",
       "      <td>RL</td>\n",
       "      <td>62.00</td>\n",
       "      <td>10441</td>\n",
       "      <td>Pave</td>\n",
       "      <td>NaN</td>\n",
       "      <td>Reg</td>\n",
       "      <td>Lvl</td>\n",
       "      <td>AllPub</td>\n",
       "      <td>Inside</td>\n",
       "      <td>...</td>\n",
       "      <td>0</td>\n",
       "      <td>NaN</td>\n",
       "      <td>MnPrv</td>\n",
       "      <td>Shed</td>\n",
       "      <td>700</td>\n",
       "      <td>7</td>\n",
       "      <td>2006</td>\n",
       "      <td>WD</td>\n",
       "      <td>Normal</td>\n",
       "      <td>NaN</td>\n",
       "    </tr>\n",
       "    <tr>\n",
       "      <th>2918</th>\n",
       "      <td>60</td>\n",
       "      <td>RL</td>\n",
       "      <td>74.00</td>\n",
       "      <td>9627</td>\n",
       "      <td>Pave</td>\n",
       "      <td>NaN</td>\n",
       "      <td>Reg</td>\n",
       "      <td>Lvl</td>\n",
       "      <td>AllPub</td>\n",
       "      <td>Inside</td>\n",
       "      <td>...</td>\n",
       "      <td>0</td>\n",
       "      <td>NaN</td>\n",
       "      <td>NaN</td>\n",
       "      <td>NaN</td>\n",
       "      <td>0</td>\n",
       "      <td>11</td>\n",
       "      <td>2006</td>\n",
       "      <td>WD</td>\n",
       "      <td>Normal</td>\n",
       "      <td>NaN</td>\n",
       "    </tr>\n",
       "  </tbody>\n",
       "</table>\n",
       "<p>5 rows × 80 columns</p>\n",
       "</div>"
      ],
      "text/plain": [
       "      MSSubClass MSZoning  LotFrontage  LotArea Street Alley LotShape  \\\n",
       "2914         160       RM        21.00     1936   Pave   NaN      Reg   \n",
       "2915         160       RM        21.00     1894   Pave   NaN      Reg   \n",
       "2916          20       RL       160.00    20000   Pave   NaN      Reg   \n",
       "2917          85       RL        62.00    10441   Pave   NaN      Reg   \n",
       "2918          60       RL        74.00     9627   Pave   NaN      Reg   \n",
       "\n",
       "     LandContour Utilities LotConfig  ... PoolArea PoolQC  Fence MiscFeature  \\\n",
       "2914         Lvl    AllPub    Inside  ...        0    NaN    NaN         NaN   \n",
       "2915         Lvl    AllPub    Inside  ...        0    NaN    NaN         NaN   \n",
       "2916         Lvl    AllPub    Inside  ...        0    NaN    NaN         NaN   \n",
       "2917         Lvl    AllPub    Inside  ...        0    NaN  MnPrv        Shed   \n",
       "2918         Lvl    AllPub    Inside  ...        0    NaN    NaN         NaN   \n",
       "\n",
       "     MiscVal MoSold  YrSold  SaleType  SaleCondition  SalePrice  \n",
       "2914       0      6    2006        WD         Normal        NaN  \n",
       "2915       0      4    2006        WD        Abnorml        NaN  \n",
       "2916       0      9    2006        WD        Abnorml        NaN  \n",
       "2917     700      7    2006        WD         Normal        NaN  \n",
       "2918       0     11    2006        WD         Normal        NaN  \n",
       "\n",
       "[5 rows x 80 columns]"
      ]
     },
     "execution_count": 3,
     "metadata": {},
     "output_type": "execute_result"
    }
   ],
   "source": [
    "# PATH = '/kaggle/input/house-prices-advanced-regression-techniques/'\n",
    "PATH = \"\"\n",
    "\n",
    "train = pd.read_csv(f\"{PATH}train.csv\")\n",
    "train.drop([\"Id\"], axis=1, inplace=True)\n",
    "\n",
    "test = pd.read_csv(f\"{PATH}test.csv\")\n",
    "test_ID = test[\"Id\"]\n",
    "\n",
    "test.drop([\"Id\"], axis=1, inplace=True)\n",
    "\n",
    "all_data = pd.concat([train, test], ignore_index=True)\n",
    "df = all_data.copy(deep=True)\n",
    "\n",
    "df.tail()"
   ]
  },
  {
   "attachments": {},
   "cell_type": "markdown",
   "metadata": {},
   "source": [
    "<a id='1'> </a>\n",
    "\n",
    "# 1. EDA\n"
   ]
  },
  {
   "attachments": {},
   "cell_type": "markdown",
   "metadata": {},
   "source": [
    "Let's delete all columns with a lot of nan values\n"
   ]
  },
  {
   "cell_type": "code",
   "execution_count": 4,
   "metadata": {},
   "outputs": [],
   "source": [
    "df = my_module.delete_nan_column(df, 0.25)"
   ]
  },
  {
   "cell_type": "code",
   "execution_count": 5,
   "metadata": {},
   "outputs": [],
   "source": [
    "df[\"Train_test\"] = df[\"SalePrice\"].isnull().apply(lambda x: \"Test\" if x else \"Train\")"
   ]
  },
  {
   "attachments": {},
   "cell_type": "markdown",
   "metadata": {},
   "source": [
    "<a id='1.1'> </a>\n",
    "\n",
    "## 1.1 Numeric columns\n"
   ]
  },
  {
   "cell_type": "code",
   "execution_count": 6,
   "metadata": {},
   "outputs": [
    {
     "data": {
      "application/vnd.plotly.v1+json": {
       "config": {
        "plotlyServerURL": "https://plot.ly"
       },
       "data": [
        {
         "coloraxis": "coloraxis",
         "hovertemplate": "x: %{x}<br>y: %{y}<br>color: %{z}<extra></extra>",
         "name": "0",
         "type": "heatmap",
         "x": [
          "MSSubClass",
          "LotFrontage",
          "LotArea",
          "OverallQual",
          "OverallCond",
          "YearBuilt",
          "YearRemodAdd",
          "MasVnrArea",
          "BsmtFinSF1",
          "BsmtFinSF2",
          "BsmtUnfSF",
          "TotalBsmtSF",
          "1stFlrSF",
          "2ndFlrSF",
          "LowQualFinSF",
          "GrLivArea",
          "BsmtFullBath",
          "BsmtHalfBath",
          "FullBath",
          "HalfBath",
          "BedroomAbvGr",
          "KitchenAbvGr",
          "TotRmsAbvGrd",
          "Fireplaces",
          "GarageYrBlt",
          "GarageCars",
          "GarageArea",
          "WoodDeckSF",
          "OpenPorchSF",
          "EnclosedPorch",
          "3SsnPorch",
          "ScreenPorch",
          "PoolArea",
          "MiscVal",
          "MoSold",
          "YrSold",
          "SalePrice"
         ],
         "xaxis": "x",
         "y": [
          "MSSubClass",
          "LotFrontage",
          "LotArea",
          "OverallQual",
          "OverallCond",
          "YearBuilt",
          "YearRemodAdd",
          "MasVnrArea",
          "BsmtFinSF1",
          "BsmtFinSF2",
          "BsmtUnfSF",
          "TotalBsmtSF",
          "1stFlrSF",
          "2ndFlrSF",
          "LowQualFinSF",
          "GrLivArea",
          "BsmtFullBath",
          "BsmtHalfBath",
          "FullBath",
          "HalfBath",
          "BedroomAbvGr",
          "KitchenAbvGr",
          "TotRmsAbvGrd",
          "Fireplaces",
          "GarageYrBlt",
          "GarageCars",
          "GarageArea",
          "WoodDeckSF",
          "OpenPorchSF",
          "EnclosedPorch",
          "3SsnPorch",
          "ScreenPorch",
          "PoolArea",
          "MiscVal",
          "MoSold",
          "YrSold",
          "SalePrice"
         ],
         "yaxis": "y",
         "z": [
          [
           1,
           -0.41735906977258236,
           -0.20173004897275565,
           0.033637968531283854,
           -0.06562503782358062,
           0.03440874365928456,
           0.043314913552375725,
           0.0054332757938984145,
           -0.0643108182176632,
           -0.07252954149516179,
           -0.12599433671835647,
           -0.2199649370491218,
           -0.2486414762389263,
           0.3093091069151055,
           0.02648179258605353,
           0.07167745094705508,
           0.009949943961814405,
           -0.001877993398659494,
           0.13913961291454802,
           0.17875018530614814,
           -0.008796151524740918,
           0.2601554859387998,
           0.04050946191502903,
           -0.05515069205464463,
           0.08789762659298497,
           -0.04659694323256125,
           -0.10339364495453823,
           -0.017654133737073703,
           -0.01592319587243603,
           -0.020867245902978497,
           -0.03752891741603017,
           -0.04918147036619071,
           -0.0030795820955754082,
           -0.028866859164707746,
           -0.0012311387105265125,
           -0.015027803629114099,
           -0.08428413512659509
          ],
          [
           -0.41735906977258236,
           1,
           0.4898955703871666,
           0.21764536980100088,
           -0.07550788709063853,
           0.12281118811213547,
           0.09155730262290102,
           0.22107875307724792,
           0.21940811475345787,
           0.04743091125165693,
           0.11371416052606816,
           0.35482241148087657,
           0.4582474665823365,
           0.026544746540630222,
           0.004893714755221115,
           0.38246195115684656,
           0.11324535835514578,
           -0.02562874257151512,
           0.18166754380733074,
           0.03945208327371258,
           0.23489188871830355,
           0.004675607738397552,
           0.3495134218720157,
           0.26196980715427026,
           0.07667315260446105,
           0.3105870110536252,
           0.35978619342118934,
           0.12206978353231783,
           0.1648961051000707,
           0.011509270370916353,
           0.028288797989111228,
           0.07585764428228754,
           0.1741191340102378,
           0.044272443076181243,
           0.011253554321975442,
           -0.00791664864143023,
           0.35179909657067737
          ],
          [
           -0.20173004897275565,
           0.4898955703871666,
           1,
           0.1005405680707286,
           -0.03561720066553458,
           0.024127823937152855,
           0.021612263265867532,
           0.12559590679978444,
           0.19403062643235947,
           0.08405868475955713,
           0.02136242569702385,
           0.25413781517628203,
           0.33246048933098593,
           0.03151470381458211,
           0.0005538314306470271,
           0.28451869721952655,
           0.12834890986282682,
           0.026292155786887476,
           0.12582647653904938,
           0.03424392930775692,
           0.13280133551814371,
           -0.020854221169353957,
           0.21380225617226462,
           0.2611847046998575,
           -0.008627934510969383,
           0.18043375618731888,
           0.213251358630748,
           0.15804530969307234,
           0.10479723335040828,
           0.02097447964071423,
           0.01599505951292981,
           0.05437525760451086,
           0.09370788012697243,
           0.06902879218451353,
           0.004155624776117558,
           -0.024234468257043576,
           0.2638433538714051
          ],
          [
           0.033637968531283854,
           0.21764536980100088,
           0.1005405680707286,
           1,
           -0.09384734379737951,
           0.5975540926583818,
           0.5715323426202735,
           0.43294738425476476,
           0.28180976125582907,
           -0.042770740341506706,
           0.2751754118724326,
           0.5492937171734946,
           0.47915191104336313,
           0.2455961311477169,
           -0.048392751708790746,
           0.5751261488447705,
           0.1645434587024779,
           -0.04073228445900468,
           0.528482591725249,
           0.2726681118876803,
           0.07307528059555896,
           -0.1593246260730045,
           0.38976137902514324,
           0.3907533147115835,
           0.571802926880343,
           0.6007436637885383,
           0.5651223304345988,
           0.2553167835456634,
           0.2980835060643591,
           -0.13925625062467062,
           0.018714807474515868,
           0.042909656081069156,
           0.030740453640978348,
           0.005562085390532734,
           0.03040496971515415,
           -0.019613768060774885,
           0.7909816005838053
          ],
          [
           -0.06562503782358062,
           -0.07550788709063853,
           -0.03561720066553458,
           -0.09384734379737951,
           1,
           -0.36847668849309945,
           0.04765401460905753,
           -0.13600650683992935,
           -0.0504175128950581,
           0.04150119284943308,
           -0.13820166147692717,
           -0.1740019627245871,
           -0.15741821325645775,
           0.005493696264080759,
           0.009048323049377765,
           -0.11656920561879855,
           -0.04213257854272879,
           0.08418119548202156,
           -0.21550402838375962,
           -0.08857701379766497,
           -0.00847713564796051,
           -0.08670001100426242,
           -0.09202748199326384,
           -0.03099893611508026,
           -0.3258488539565869,
           -0.18178738877519957,
           -0.1541488415631749,
           0.020123455993572206,
           -0.06897834183379405,
           0.07104410024732062,
           0.04373909271990425,
           0.043712545298474355,
           -0.016876326200656246,
           0.03395616661772224,
           -0.006256261599525816,
           0.030101689927626577,
           -0.07785589404867797
          ],
          [
           0.03440874365928456,
           0.12281118811213547,
           0.024127823937152855,
           0.5975540926583818,
           -0.36847668849309945,
           1,
           0.6122345697556552,
           0.3140513841363058,
           0.2795808736111777,
           -0.027594674941164098,
           0.13047286272225467,
           0.40851452466679294,
           0.3108136130909978,
           0.017587668433174643,
           -0.1441914021555436,
           0.24266585825430312,
           0.21157993208846615,
           -0.030282174127308575,
           0.4711689468845096,
           0.26974299864304224,
           -0.05310069218350785,
           -0.1376138334972933,
           0.1142803937383885,
           0.17068019249499905,
           0.8348123731631011,
           0.5380736658010555,
           0.48073497231686846,
           0.229426480897267,
           0.1985540340812662,
           -0.3740727727482379,
           0.015957710622863865,
           -0.0410459844452944,
           0.0023043458716878727,
           -0.010886326705593795,
           0.013937599977686756,
           -0.01234419463977724,
           0.5228973328794967
          ],
          [
           0.043314913552375725,
           0.09155730262290102,
           0.021612263265867532,
           0.5715323426202735,
           0.04765401460905753,
           0.6122345697556552,
           1,
           0.19687452416653256,
           0.15212636127198476,
           -0.062153254940690725,
           0.16517495591477854,
           0.298106626267667,
           0.24224518177094084,
           0.15898526045571543,
           -0.060370853531044065,
           0.3169720155309654,
           0.13494735939926233,
           -0.04628458673636183,
           0.4579798714411808,
           0.21143016168455656,
           -0.021912057926202603,
           -0.14243092467696758,
           0.19824955143703304,
           0.13415697500891618,
           0.6523652231910038,
           0.42602167919040956,
           0.3767653779755013,
           0.2185132399843341,
           0.24218235438643074,
           -0.22045607659351718,
           0.037432761297421645,
           -0.04687843710272869,
           -0.011406898823004526,
           -0.003124315867912747,
           0.01769290062237936,
           0.03320328944124659,
           0.5071009671113866
          ],
          [
           0.0054332757938984145,
           0.22107875307724792,
           0.12559590679978444,
           0.43294738425476476,
           -0.13600650683992935,
           0.3140513841363058,
           0.19687452416653256,
           1,
           0.3034895110214122,
           -0.015645249919305868,
           0.0901629239440465,
           0.3972398768814628,
           0.39583439704844114,
           0.12101383677882595,
           -0.05791237257425634,
           0.4029939587570702,
           0.1415928036200837,
           0.015006081755358083,
           0.25977704606208735,
           0.19195040899154026,
           0.07812613806099472,
           -0.05138897584346345,
           0.2782276940366359,
           0.27519514645762744,
           0.25511225749599514,
           0.36119045793295124,
           0.37406077227247764,
           0.16620031669178711,
           0.14464957273083587,
           -0.11149862063265155,
           0.013611654590998085,
           0.06520896376939771,
           0.00451231478296077,
           0.044811198659043545,
           -0.00011747362624987972,
           -0.018509689219503297,
           0.47749304709571444
          ],
          [
           -0.0643108182176632,
           0.21940811475345787,
           0.19403062643235947,
           0.28180976125582907,
           -0.0504175128950581,
           0.2795808736111777,
           0.15212636127198476,
           0.3034895110214122,
           1,
           -0.055045343799320516,
           -0.47740442275832673,
           0.5364674665459344,
           0.45809172665320397,
           -0.16230126887449342,
           -0.066027950215627,
           0.2116688020923697,
           0.6388468273955626,
           0.07836119659502268,
           0.08152456620674572,
           -0.0073114637389534295,
           -0.11354747621652937,
           -0.08635419722394566,
           0.05214056038494742,
           0.2930885128399883,
           0.194270394087953,
           0.2554824851907544,
           0.3104490716713308,
           0.22349208879454185,
           0.12416313457392786,
           -0.09971218255621822,
           0.050908430152998715,
           0.09682279166782858,
           0.0844624062385445,
           0.09329534614336345,
           -0.0009417786631408357,
           0.022555645687713472,
           0.3864198062421535
          ],
          [
           -0.07252954149516179,
           0.04743091125165693,
           0.08405868475955713,
           -0.042770740341506706,
           0.04150119284943308,
           -0.027594674941164098,
           -0.062153254940690725,
           -0.015645249919305868,
           -0.055045343799320516,
           1,
           -0.23824133133949066,
           0.08940995192517565,
           0.08432971208759807,
           -0.0977441095568921,
           -0.004923423149822787,
           -0.017871794921692524,
           0.1628346510879711,
           0.09948495601673704,
           -0.07543150370393414,
           -0.03244795997681239,
           -0.0312226337480203,
           -0.03777929192709407,
           -0.04842331181330489,
           0.06562508937839202,
           -0.06854949934210075,
           -0.014826578439789096,
           0.0031390274063676296,
           0.09839851659623687,
           -0.005875671035599771,
           0.03273962279489781,
           -0.023278728868326177,
           0.06330218331014797,
           0.04452423495108641,
           -0.00513876180139154,
           -0.009592710429035832,
           0.008882933986136387,
           -0.011378121450215146
          ],
          [
           -0.12599433671835647,
           0.11371416052606816,
           0.02136242569702385,
           0.2751754118724326,
           -0.13820166147692717,
           0.13047286272225467,
           0.16517495591477854,
           0.0901629239440465,
           -0.47740442275832673,
           -0.23824133133949066,
           1,
           0.4122848849968397,
           0.2965995752405225,
           -0.0003756420387986026,
           0.046912915912171005,
           0.23398825076773114,
           -0.3986778216950984,
           -0.10712079014003004,
           0.27320694637226783,
           -0.03580320839959834,
           0.18325900565351522,
           0.06498727946568665,
           0.2475049076164878,
           0.004814050080315596,
           0.1715875523991643,
           0.18009903899501023,
           0.164409097668168,
           -0.039302087968921054,
           0.11976356236062442,
           0.005005872041961951,
           -0.005810471797075821,
           -0.0491579237514541,
           -0.03227306969516968,
           -0.010492267146668297,
           0.022606957502864355,
           -0.03801477883045906,
           0.21447910554696928
          ],
          [
           -0.2199649370491218,
           0.35482241148087657,
           0.25413781517628203,
           0.5492937171734946,
           -0.1740019627245871,
           0.40851452466679294,
           0.298106626267667,
           0.3972398768814628,
           0.5364674665459344,
           0.08940995192517565,
           0.4122848849968397,
           1,
           0.8016699703092834,
           -0.20566496719724878,
           -0.023358968222259267,
           0.44527601226683494,
           0.32562296387499245,
           0.012396238222884154,
           0.32776198174436516,
           -0.05571804038105204,
           0.05339299298875015,
           -0.03895858256731175,
           0.2821257712920773,
           0.33295293191483794,
           0.3484078710764806,
           0.43799661807335216,
           0.48606662267049494,
           0.22960018116381,
           0.24552057751839335,
           -0.08550999980522793,
           0.03789215716443377,
           0.07536317124731721,
           0.07221585886907422,
           0.08400155909460968,
           0.01788821103999852,
           -0.01118396945147899,
           0.6135805515591943
          ],
          [
           -0.2486414762389263,
           0.4582474665823365,
           0.33246048933098593,
           0.47915191104336313,
           -0.15741821325645775,
           0.3108136130909978,
           0.24224518177094084,
           0.39583439704844114,
           0.45809172665320397,
           0.08432971208759807,
           0.2965995752405225,
           0.8016699703092834,
           1,
           -0.24982325229716315,
           -0.01270380694558721,
           0.5625382522753404,
           0.2618163316516976,
           0.011073624526728536,
           0.3730769122474423,
           -0.1041412386816182,
           0.10841816835665483,
           0.07607053953945386,
           0.3917823790432642,
           0.4075449207089372,
           0.2604495371877029,
           0.4405401072843159,
           0.4920112209727295,
           0.2273466410261613,
           0.23850150195786335,
           -0.06579615162065787,
           0.044085938422584604,
           0.09838082548744657,
           0.12190043001656886,
           0.09306181549659327,
           0.04014271646407884,
           -0.013441918207050867,
           0.6058521846919153
          ],
          [
           0.3093091069151055,
           0.026544746540630222,
           0.03151470381458211,
           0.2455961311477169,
           0.005493696264080759,
           0.017587668433174643,
           0.15898526045571543,
           0.12101383677882595,
           -0.16230126887449342,
           -0.0977441095568921,
           -0.0003756420387986026,
           -0.20566496719724878,
           -0.24982325229716315,
           1,
           0.017803133508385457,
           0.6550846935436292,
           -0.16146805289086852,
           -0.06028180847512414,
           0.40286529936219734,
           0.6113620053965505,
           0.5035058542509898,
           0.0690324186592292,
           0.5845858776773504,
           0.16999125494502892,
           0.08609427628849649,
           0.18245193294099177,
           0.12856989503326022,
           0.08992229362937772,
           0.18538710979335543,
           0.05464549274429809,
           -0.03245815932049168,
           0.011070418582606736,
           0.044503483856710525,
           -0.005298818251119258,
           0.01418481915171816,
           -0.0192286882489576,
           0.31933380283206736
          ],
          [
           0.02648179258605353,
           0.004893714755221115,
           0.0005538314306470271,
           -0.048392751708790746,
           0.009048323049377765,
           -0.1441914021555436,
           -0.060370853531044065,
           -0.05791237257425634,
           -0.066027950215627,
           -0.004923423149822787,
           0.046912915912171005,
           -0.023358968222259267,
           -0.01270380694558721,
           0.017803133508385457,
           1,
           0.09691623431528924,
           -0.04709890829233553,
           -0.01349962752928127,
           -0.0028764266999645577,
           -0.03950841437126726,
           0.07036493202613169,
           0.00043829422798683263,
           0.1020594432617101,
           -0.006634521716401359,
           -0.05178139448111398,
           -0.06733578085975983,
           -0.05355103296409748,
           -0.015622012392342358,
           -0.0006919798070500848,
           0.08721200350471023,
           -0.0045449326539334835,
           0.006835353852734233,
           0.03517681276917629,
           -0.005973425173149056,
           0.011528178912651857,
           -0.002257392491873646,
           -0.02560613000067955
          ],
          [
           0.07167745094705508,
           0.38246195115684656,
           0.28451869721952655,
           0.5751261488447705,
           -0.11656920561879855,
           0.24266585825430312,
           0.3169720155309654,
           0.4029939587570702,
           0.2116688020923697,
           -0.017871794921692524,
           0.23398825076773114,
           0.44527601226683494,
           0.5625382522753404,
           0.6550846935436292,
           0.09691623431528924,
           1,
           0.06053119607015521,
           -0.04394671520130912,
           0.6302856579751004,
           0.4335484450153121,
           0.5170576810548312,
           0.11750164219622028,
           0.8083544205418535,
           0.4593861669932188,
           0.2734114159284984,
           0.4899330041931244,
           0.4854687360974656,
           0.25101658868437954,
           0.3419073330238061,
           0.003274467066450013,
           0.006267983997135233,
           0.08628368399427089,
           0.13544069810136247,
           0.06711806772078756,
           0.044197919165540146,
           -0.02691863120081338,
           0.7086244776126515
          ],
          [
           0.009949943961814405,
           0.11324535835514578,
           0.12834890986282682,
           0.1645434587024779,
           -0.04213257854272879,
           0.21157993208846615,
           0.13494735939926233,
           0.1415928036200837,
           0.6388468273955626,
           0.1628346510879711,
           -0.3986778216950984,
           0.32562296387499245,
           0.2618163316516976,
           -0.16146805289086852,
           -0.04709890829233553,
           0.06053119607015521,
           1,
           -0.14883242849527586,
           -0.018815125742370525,
           -0.0334683988135254,
           -0.15519995424428623,
           -0.017931349427899125,
           -0.03891640777530902,
           0.16958046187488027,
           0.15049218554235516,
           0.1617091179078189,
           0.18473835482068598,
           0.18610718627127093,
           0.08126515344965195,
           -0.06839279181858372,
           0.02737773251148985,
           0.05311853520723576,
           0.04397049040757171,
           -0.0046292357286152825,
           -0.0035678479224348263,
           0.045254621432403073,
           0.22712223313149427
          ],
          [
           -0.001877993398659494,
           -0.02562874257151512,
           0.026292155786887476,
           -0.04073228445900468,
           0.08418119548202156,
           -0.030282174127308575,
           -0.04628458673636183,
           0.015006081755358083,
           0.07836119659502268,
           0.09948495601673704,
           -0.10712079014003004,
           0.012396238222884154,
           0.011073624526728536,
           -0.06028180847512414,
           -0.01349962752928127,
           -0.04394671520130912,
           -0.14883242849527586,
           1,
           -0.047046394808439,
           -0.058438210224287385,
           0.01884845947704736,
           -0.06491631932231183,
           -0.049610309740476276,
           0.03926463797240183,
           -0.058379248232020294,
           -0.033462070145114216,
           -0.021445348378085892,
           0.05154874183086386,
           -0.03491651209382314,
           -0.00967498480989315,
           0.026860689142608696,
           0.04206857773015799,
           0.0668507539431892,
           0.0369023641523801,
           0.02301401317353957,
           -0.020028450733374132,
           -0.01684415429735895
          ],
          [
           0.13913961291454802,
           0.18166754380733074,
           0.12582647653904938,
           0.528482591725249,
           -0.21550402838375962,
           0.4711689468845096,
           0.4579798714411808,
           0.25977704606208735,
           0.08152456620674572,
           -0.07543150370393414,
           0.27320694637226783,
           0.32776198174436516,
           0.3730769122474423,
           0.40286529936219734,
           -0.0028764266999645577,
           0.6302856579751004,
           -0.018815125742370525,
           -0.047046394808439,
           1,
           0.15838609479972338,
           0.3561253763027115,
           0.17095779950715795,
           0.5273369933378188,
           0.23592749094064444,
           0.4956877811742272,
           0.4799882179756387,
           0.40848692838665185,
           0.1812662525298119,
           0.26042318647845164,
           -0.11898275622033971,
           0.01519216769465617,
           -0.01591024559376682,
           0.028090849400116594,
           -0.01002408972307185,
           0.04627438596908629,
           -0.004881911931019212,
           0.5606637627484453
          ],
          [
           0.17875018530614814,
           0.03945208327371258,
           0.03424392930775692,
           0.2726681118876803,
           -0.08857701379766497,
           0.26974299864304224,
           0.21143016168455656,
           0.19195040899154026,
           -0.0073114637389534295,
           -0.03244795997681239,
           -0.03580320839959834,
           -0.05571804038105204,
           -0.1041412386816182,
           0.6113620053965505,
           -0.03950841437126726,
           0.4335484450153121,
           -0.0334683988135254,
           -0.058438210224287385,
           0.15838609479972338,
           1,
           0.2453183601503426,
           -0.04269101177409987,
           0.34557150445390494,
           0.20587572239821292,
           0.2251572780991339,
           0.23454120715216356,
           0.1789926239271684,
           0.11670146703101787,
           0.1820476379964722,
           -0.08197815962362814,
           -0.023417092430001372,
           0.03562174744118794,
           0.0014236572737663187,
           0.02655336026424889,
           -0.0011362145532172324,
           0.001586723453882869,
           0.28410767559478256
          ],
          [
           -0.008796151524740918,
           0.23489188871830355,
           0.13280133551814371,
           0.07307528059555896,
           -0.00847713564796051,
           -0.05310069218350785,
           -0.021912057926202603,
           0.07812613806099472,
           -0.11354747621652937,
           -0.0312226337480203,
           0.18325900565351522,
           0.05339299298875015,
           0.10841816835665483,
           0.5035058542509898,
           0.07036493202613169,
           0.5170576810548312,
           -0.15519995424428623,
           0.01884845947704736,
           0.3561253763027115,
           0.2453183601503426,
           1,
           0.2411822292051305,
           0.6697372307298517,
           0.0867932597042898,
           -0.04536370640256662,
           0.09287581355783696,
           0.07391217343992876,
           0.03164399191374859,
           0.08621231670653134,
           0.049940470364573886,
           -0.04827870717148934,
           0.007254292581000403,
           0.03654399979726849,
           0.0002452029093050278,
           0.05599713933835034,
           -0.020452571723233216,
           0.16821315430073963
          ],
          [
           0.2601554859387998,
           0.004675607738397552,
           -0.020854221169353957,
           -0.1593246260730045,
           -0.08670001100426242,
           -0.1376138334972933,
           -0.14243092467696758,
           -0.05138897584346345,
           -0.08635419722394566,
           -0.03777929192709407,
           0.06498727946568665,
           -0.03895858256731175,
           0.07607053953945386,
           0.0690324186592292,
           0.00043829422798683263,
           0.11750164219622028,
           -0.017931349427899125,
           -0.06491631932231183,
           0.17095779950715795,
           -0.04269101177409987,
           0.2411822292051305,
           1,
           0.2945694072380799,
           -0.10789200790464709,
           -0.09298891618778847,
           -0.03706037064054856,
           -0.05785185112549394,
           -0.08739892871143569,
           -0.06818090499106541,
           0.027639455321789137,
           -0.02146159362973387,
           -0.05657267339282719,
           -0.013116194695606336,
           0.025077770861016136,
           0.035492845257563264,
           0.03517315032277878,
           -0.13590737084214105
          ],
          [
           0.04050946191502903,
           0.3495134218720157,
           0.21380225617226462,
           0.38976137902514324,
           -0.09202748199326384,
           0.1142803937383885,
           0.19824955143703304,
           0.2782276940366359,
           0.05214056038494742,
           -0.04842331181330489,
           0.2475049076164878,
           0.2821257712920773,
           0.3917823790432642,
           0.5845858776773504,
           0.1020594432617101,
           0.8083544205418535,
           -0.03891640777530902,
           -0.049610309740476276,
           0.5273369933378188,
           0.34557150445390494,
           0.6697372307298517,
           0.2945694072380799,
           1,
           0.3112602044822691,
           0.16268408314257007,
           0.358053325616476,
           0.3286870920658609,
           0.1565429763652552,
           0.23815596660162633,
           0.015344538774768745,
           -0.025763620661384115,
           0.03232427500817053,
           0.0720612487955662,
           0.06090326261003983,
           0.045137286066146615,
           -0.032353664049055764,
           0.5337231555820284
          ],
          [
           -0.05515069205464463,
           0.26196980715427026,
           0.2611847046998575,
           0.3907533147115835,
           -0.03099893611508026,
           0.17068019249499905,
           0.13415697500891618,
           0.27519514645762744,
           0.2930885128399883,
           0.06562508937839202,
           0.004814050080315596,
           0.33295293191483794,
           0.4075449207089372,
           0.16999125494502892,
           -0.006634521716401359,
           0.4593861669932188,
